P0001 0001                             186.00   0
O0001 0001 Standard_Notepads    100    5.00     5 
P0002 0001                             44.00    0
O0002 0001 Graphic_Notebooks    50     6.00     0 
P0003 0002                             2000.00  30 
P0004 0002                             300.00   0		
O0003 0002 Highlighters         100    4.00     5 
O0004 0002 Blue_Markers         200    3.00     10
P0005 0002                             400.00   0		
P0006 0003                             69.00    0
O0005 0003 Ten-pack_Black_Pens  20     10.00    0 
P0007 0003                             10.00    0
O0006 0003 Staples              100    4.00     20
O0007 0004 Sixty-pack_Red_Pens  100    28.00    25 
P0008 0004                             200.00   0
O0008 0004 Staples              50     4.00     0
P0009 0004                             40.00    0
P0010 0006                             49.00    0
O0010 0006 Ten-pack_Red_Pens    40     10.00    12
P0011 0006                             300.00   0        
O0011 0006 Staples              100    4.00     20
P0012 0006                             500.00	20
P0013 0007                             550.00   20
P0021 0013 						   	   100.00   0
O0022 0015 Marlboro             10     10.00    10
P0014 0008                             15.00    0
O0012 0008 Assorted_Markers     10     14.00    0	
P0015 0008                             10.00    0
P0016 0008                             4.00     0
P0017 0009                             30.00    0
O0014 0009 Highlighters         75     4.00     0
P0018 0009                             70.00    0
O0015 0009 Binders              20     9.00     5
O0016 0010 Staples              200    4.00     20	
O0017 0010 Scissors             5      17.00    0
O0018 0010 Whiteboard           3      40.00    0	
P0019 0010                             600.00   20
O0020 0011 Graphing_Notebooks   100    6.00     15
O0021 0011 Binders              5      9.00     0
O0022 0011 Ten-pack_Red_Pens    80     10.00	15
P0020 0011                             800.00   20
